7188452
1321913521
99145526
47993276
262901106
60514231
821275767
76033372
31771391
30564058
1275237715
169948653
1141511168
107745218
1086172141
94076324
1208269639
109323510
1224173512
1190992914
1391359866
678536121
160628281
1214022955
1405043488
1173821771
1013299584
291245669
235092790
417872056
1380080657
1342570712
903103
559536873
62107543
747093458
116775542
135494003
1328553757
622365344
1259921505
1030544357
447282757
625716152
1373166751
451541778
425677838
228484616
582464027
64099224
593100536
1062279466
47710781
234051800
526775161
1410083900
631525559
339601710
1108983028
480444898
603097572
477154852
461125589
1396790110
516149218
29432911
331691511
740963155
384670104
92063843
538107100
244830478
402724649
1299830802
770932629
127708979
657839300
1183311392
186970946
442685155
165206468
178818722
520230926
384506545
226878294
1159675792
353865790
144887652
469842949
147827624
384357298
1167591043
1137129794
281645271
1260505368
222349575
475796696
140850680
443412913
165408165
135366267
1391822939
232113296
347976175
1255663381
1408737986
1385705913
1353174839
89729330
1061349974
359800183
243622102
630434300
1397430664
452906050
1051517676
1209826112
618945957
468066938
104604225
215014773
34161067
61022199
260954117
31118486
89635980
1208568477
102954533
550335893
250967647
1322660908
351052342
457424862
28370995
59191492
309397835
337163020
318857124
1237860574
451569862
12339229
157043396
93289688
1392366861
1199689137
1400863762
1392334569
542658338
393543565
654186496
656686991
464801915
813168964
1222500108
1361479690
1137855992
760773617
213556677
1314035454
348969382
44171155
275411021
566607096
344618293
528899976
317822621
1351316842
254752504
656908378
477319048
782736287
266917574
141964660
630966316
1397517512
350605390
84640239
464723255
1097140216
1135106927
71996523
1209195510
1389799248
104219416
358382733
19004469
407127791
237551495
181308879
94036177
453334848
1085487156
1168384744
1069040826
192448847
198076770
239072463
759292221
309559105
304962747
271735720
1161599056
1106612264
1229131157
582323306
1393145860
26363372
35303666
320693739
732209105
1071754132
449050917
1392899038
570598558
1034623307
3163087
1387834517
651499359
1307592048
153746000
536992390
1410465422
245269331
297023169
1278743319
1182735224
583467008
1353617662
383489071
82451288
184223964
1265969955
1395673011
1092952226
479420029
456050364
571044317
307589198
61717058
599610831
1409099096
180645273
1154300484
81141500
27463722
85632376
826761252
819079896
1184733146
1361676942
1249040818
1345138570
1283252299
687659890
169300259
65930695
55384673
33049167
260488338
587968131
359783030
1053291667
19454387
353815322
473469011
49004691
61229193
499825144
487408083
453538610
37107301
319068867
710237050
279704542
1176437105
1388654202
155940701
265089305
33469305
1410605710
265514839
244529080
1328903048
58590920
238576986
831658888
814210854
163529126
1008614503
136587180
1340664447
1345189362
1408471052
473245684
608676878
1313077637
212055337
377791844
166934241
1103444949
1340571100
1405476578
675169199
1006008615
151210069
572512506
799413050
8040027
1410169968
53449707
1065035911
1140694909
26963957
1356317183
1144595507
60595690
78320475
1130831009
309028524
304119296
528603076
1394447689
196350138
781507754
496537303
1327640429
459731600
22081116
1101749395
348015580
1230572404
146126124
181426810
161835254
1163639801
1341536392
563992998
272671602
354334700
323206418
181814792
660019842
1326784686
237130942
250933118
531233353
1063008815
172748186
1409744241
384073074
64587381
172557581
1274011373
482119952
205512140
501726604
645823765
1122794716
89883103
1034513546
392774282
1098841247
670987922
133041814
1149770686
1373373065
1307149556
16080735
364466205
272941161
59397767
1391950453
223299497
1399319914
279620785
1389562121
705998465
1121581175
643429490
348812514
545900139
1231411547
1326932874
1342122279
1344779625
127905213
19469445
193185300
649315928
269704603
1409363693
235461463
330449827
348254154
178567344
530105246
92638397
572383284
340523639
148756877
723346165
1112632008
210728520
426987591
829093515
124913588
580630113
269965609
51743280
1058143186
87972280
1011771193
175530735
1345384305
82286792
1286423296
133700863
153012322
1032211177
1134031174
536898705
1252458815
180943745
413105327
542090434
593885547
108550506
83453899
232026045
698486483
351811003
1296805075
208137579
584431107
660285437
1328498405
705355353
533024536
559084264
265261355
582176399
1340465426
269218358
184223342
135838145
343407910
1003002965
731298040
667144658
561166168
819819301
1032269171
67047853
599245059
665880839
1152719007
82447872
372476560
75952645
263744857
1309093504
609998274
193334354
775559886
385419062
350449945
1015850043
1409397867
1019133854
297105889
478642035
92383694
314424642
544618717
314309378
93429407
707911365
1212631745
579564571
287587477
1286987640
106573790
193688782
177425998
175165655
433263573
1293148371
434818448
1304823826
1309327018
526236650
142221012
59403018
35650617
83527125
1187322623
104956009
66669489
1266295568
547491599
233917569
823091576
606284290
1335479991
621566535
703165250
367356903
165323273
208391
49034895
1309683479
257847803
577947029
1202172913
271902783
231846445
131184876
1302207860
1356603438
347979260
242739736
152047611
760841958
1392223109
1123549884
1048455270
191975447
261248934
588086103
453263020
157580886
736563297
1403896888
771063002
141552071
335118030
436319047
697001798
374696283
479994454
1253461923
72259109
623019908
1176410752
1130987305
35575491
173055584
141822071
499153254
594043775
313258271
1092493868
441794545
474007365
298819250
62435637
90142932
340121121
1410059028
60659583
116662076
398194090
1345480781
202750195
494147971
145919426
137461988
76391539
138631243
1362056320
1177754275
1357065473
1260593720
602691122
418414833
64868296
293576548
638409734
351807045
1274100722
228206770
1283990547
178434057
104751871
171203045
661332998
326908530
186693719
166656502
423520664
1096357964
613226434
645336533
457232507
469887597
422771884
536558607
771812687
435202237
687414721
360867484
573200279
476808935
364742692
558260398
218916293
549388792
545698006
623018555
1125840834
1288586466
158901511
585626497
1407179521
500676272
632469404
40070497
537287531
209912701
55284144
1184419884
183540099
132360093
346151583
1202666183
837579812
512850193
1320071104
29447062
1410914170
266444745
36455357
1401038214
10217378
665400570
1329756663
1116006299
573380414
92522096
80782905
103182779
1070290768
1315792685
317940186
368749849
1401498993
770061552
620871962
239369545
75858561
177293295
178285924
1019074552
353274290
61902461
584460577
423254169
656559822
494963737
303967167
592928956
1334017459
1030818397
1151533827
71454634
309857071
401523720
1385396241
1103541604
549932211
1322722784
1131482791
772577531
1370745461
717702492
1305335073
255169757
218906304
1103671806
145287917
1148889847
1233369709
187273902
265873801
41814405
1407595449
608290785
717416960
1046100631
1224036029
297516339
642073041
92374028
206865308
558197770
93655251
839162069
57847796
1397314186
540364654
350092777
98633737
204935408
160963348
225922581
62257551
14726151
820686825
1361722396
316689592
1403377093
329559842
379811125
623660181
131272253
1322898622
173294473
166704283
1393767066
1376459494
486005861
125101449
1258348599
49861649
1078414684
150762899
361773761
1246411421
589544681
530160022
143537391
58800438
1007548131
208146928
539027100
65181149
324952933
498054427
674439617
588083610
203107608
238153600
620997484
1098721212
1356843317
542501215
1410166692
169247876
437094799
1350242815
174086789
1181694656
353437776
190549290
1170478390
277115033
816193242
1194934769
509196372
50106898
397711203
206859216
115273244
191923721
157562912
1325698145
392233297
723322917
362511975
96904977
53921409
1409346799
1190471973
138631121
1099418757
1255779981
38321691
1406363092
401235181
238891993
1403920668
1403206299
780335399
773036158
585643717
1410447626
1010718066
1270066157
1348605074
177704543
1046366390
521910973
811883264
1005841613
1154218442
18483417
782457728
835723166
83885745
1319902638
402659546
532159831
252344573
1306251703
215725286
767742877
238878524
1389263151
382648934
458827664
1222450024
256737020
127445569
329985791
1301348950
1478508
1208381651
106330074
432308751
757564480
788414004
134636548
112655037
103078486
46161800
278425308
174901091
236598953
773866185
432878699
